#-------------------------------------- OrbGen run: Fri Apr 11 14:11:53 2025  -------------------------------------------------
# yy-mm-ddThh:mm:ss.sss    dt(min)   IFA  F10.7 FB10.7   Ap   IDW  Rho(kg/m3)   Vn(km/s)    Ve(km/s)   MMWT  Tloc(K) Texo(K) LST(h) GLat(d)  GLon(d)  GAlt(km)   Va(km/s)  gam(d) gload(-)  qdot(W/m2) SRat(-) TRat(-)  KnInf(-)  MaInf(-)  CD(-)   CD/CD0     Orb(-)  ULat(d)     dS(km)     Hpe(km)    Hap(km)     H(km)    Torb(min)    mjd1950.0(d)
#        1                 2          3     4    5       6     7     8            9           10       11    12       13     14      15       16        17         18       19      20         21        22      23       24        25       26       27         28      29         30          31        32          33       34           35       
#------------------------------------------------------------------------------------------------------------------------------
2025-02-19T02:13:45.786  0.00000D+00  5. 136.00 132.22  13.56  7.  4.5608D-09  0.0000D+00  0.0000D+00 25.418  719.06 1077.62  1.955  50.215   -0.570    143.838  7.549260   0.144    1.002  7.5197D+03  11.007  35.616  2.13D+01  1.32D+01  2.3915  1.0000     0.204  73.586  0.000000D+00    122.292    159.026    131.278     87.409  27443.092891050
2025-02-19T02:14:45.786  1.00000D+00  5. 136.00 132.22  13.56  7.  4.2098D-09  0.0000D+00  0.0000D+00 25.333  733.08 1075.06  2.368  51.528    5.369    145.500  7.547003   0.155    1.002  7.2180D+03  11.007  35.616  2.13D+01  1.32D+01  2.3915  1.0000     0.216  77.725  4.420675D+02    121.382    158.457    132.459     87.403  27443.093585494
2025-02-19T02:15:45.786  2.00000D+00  5. 136.00 132.22  13.57  7.  3.8791D-09  0.0000D+00  0.0000D+00 25.217  744.18 1070.41  2.801  52.497   11.622    147.115  7.544825   0.165    1.002  6.9228D+03  11.007  35.616  2.13D+01  1.32D+01  2.3915  1.0000     0.227  81.862  8.838052D+02    120.417    158.228    133.722     87.398  27443.094279939
2025-02-19T02:16:45.786  3.00000D+00  5. 136.00 132.22  13.57  7.  3.5693D-09  0.0000D+00  0.0000D+00 25.070  752.67 1063.93  3.250  53.094   18.106    148.667  7.542742   0.174    1.002  6.6351D+03  11.007  35.616  2.13D+01  1.32D+01  2.3915  1.0000     0.239  85.998  1.325252D+03    119.453    158.296    135.059     87.393  27443.094974383
2025-02-19T02:17:45.786  4.00000D+00  5. 136.00 132.21  13.57  7.  3.2813D-09  0.0000D+00  0.0000D+00 24.493  640.09 1064.15  3.707  53.303   24.713    150.146  7.540769   0.182    1.002  6.3567D+03  11.007  35.616  2.13D+01  1.32D+01  2.3915  1.0000     0.250  90.132  1.766448D+03    118.546    158.607    136.463     87.388  27443.095668828
2025-02-19T02:18:45.786  5.00000D+00  5. 136.00 132.21  13.58  7.  3.0206D-09  0.0000D+00  0.0000D+00 24.486  653.52 1064.17  4.165  53.116   31.321    151.542  7.538916   0.189    1.002  6.0946D+03  11.007  35.616  2.13D+01  1.32D+01  2.3915  1.0000     0.262  94.264  2.207437D+03    117.747    159.113    137.926     87.384  27443.096363272
2025-02-19T02:19:45.786  6.00000D+00  5. 136.00 132.21  13.58  7.  2.7878D-09  0.0000D+00  0.0000D+00 24.455  666.60 1064.41  4.614  52.541   37.806    152.847  7.537193   0.194    1.002  5.8510D+03  11.007  35.616  2.13D+01  1.32D+01  2.3915  1.0000     0.273  98.394  2.648263D+03    117.095    159.765    139.438     87.380  27443.097057717
2025-02-19T02:20:45.786  7.00000D+00  5. 136.00 132.21  13.59  7.  2.5794D-09  0.0000D+00  0.0000D+00 24.396  679.29 1064.92  5.047  51.595   44.060    154.057  7.535604   0.199    1.002  5.6244D+03  11.007  35.616  2.13D+01  1.32D+01  2.3915  1.0000     0.285 102.522  3.088970D+03    116.625    160.519    140.991     87.376  27443.097752161
2025-02-19T02:21:45.786  8.00000D+00  5. 136.00 132.20  13.59  7.  2.3924D-09  0.0000D+00  0.0000D+00 24.309  691.57 1065.82  5.460  50.306   50.000    155.169  7.534152   0.202    1.002  5.4136D+03  11.007  35.616  2.13D+01  1.32D+01  2.3915  1.0000     0.296 106.648  3.529601D+03    116.360    161.337    142.575     87.373  27443.098446606
2025-02-19T02:22:45.786  9.00000D+00  5. 136.00 132.20  13.59  7.  2.2244D-09  0.0000D+00  0.0000D+00 24.196  703.46 1067.24  5.848  48.706   55.575    156.182  7.532835   0.204    1.002  5.2173D+03  11.007  35.616  2.13D+01  1.32D+01  2.3915  1.0000     0.308 110.771  3.970199D+03    116.313    162.184    144.180     87.369  27443.099141050
2025-02-19T02:23:45.786  1.00000D+01  5. 136.00 132.20  13.60  7.  2.0735D-09  0.0000D+00  0.0000D+00 24.058  714.97 1069.36  6.211  46.832   60.762    157.100  7.531651   0.205    1.002  5.0349D+03  11.007  35.616  2.13D+01  1.32D+01  2.3915  1.0000     0.319 114.893  4.410800D+03    116.491    163.029    145.794     87.366  27443.099835494
2025-02-19T02:24:45.786  1.10000D+01  5. 136.00 132.20  13.60  7.  1.9379D-09  0.0000D+00  0.0000D+00 23.900  726.16 1072.35  6.547  44.718   65.559    157.926  7.530593   0.204    1.002  4.8654D+03  11.007  35.616  2.13D+01  1.32D+01  2.3915  1.0000     0.331 119.013  4.851440D+03    116.890    163.845    147.409     87.363  27443.100529939
2025-02-19T02:25:45.786  1.20000D+01  5. 136.00 132.20  13.61  7.  1.8162D-09  0.0000D+00  0.0000D+00 23.728  737.07 1076.43  6.859  42.397   69.984    158.664  7.529653   0.202    1.002  4.7084D+03  11.007  35.616  2.13D+01  1.32D+01  2.3915  1.0000     0.342 123.130  5.292151D+03    117.503    164.607    149.011     87.361  27443.101224383
2025-02-19T02:26:45.786  1.30000D+01  5. 136.00 132.19  13.61  7.  1.7070D-09  0.0000D+00  0.0000D+00 23.548  747.79 1081.77  7.148  39.899   74.064    159.323  7.528821   0.199    1.002  4.5632D+03  11.007  35.616  2.13D+01  1.32D+01  2.3915  1.0000     0.353 127.246  5.732957D+03    118.313    165.295    150.592     87.358  27443.101918828
2025-02-19T02:27:45.786  1.40000D+01  5. 136.00 132.19  13.62  7.  1.6089D-09  0.0000D+00  0.0000D+00 23.369  758.38 1088.56  7.415  37.251   77.831    159.909  7.528084   0.194    1.001  4.4288D+03  11.007  35.616  2.13D+01  1.32D+01  2.3915  1.0000     0.365 131.359  6.173881D+03    119.300    165.892    152.139     87.356  27443.102613272
2025-02-19T02:28:45.786  1.50000D+01  5. 136.00 132.19  13.62  7.  1.5208D-09  0.0000D+00  0.0000D+00 23.199  768.94 1096.94  7.665  34.476   81.319    160.433  7.527431   0.187    1.001  4.3047D+03  11.007  35.616  2.13D+01  1.32D+01  2.3915  1.0000     0.376 135.471  6.614936D+03    120.440    166.384    153.641     87.354  27443.103307717
2025-02-19T02:29:45.786  1.60000D+01  5. 136.00 132.19  13.62  7.  1.4414D-09  0.0000D+00  0.0000D+00 23.048  779.54 1107.02  7.897  31.594   84.563    160.904  7.526848   0.180    1.001  4.1899D+03  11.007  35.616  2.13D+01  1.32D+01  2.3915  1.0000     0.388 139.580  7.056133D+03    121.704    166.763    155.089     87.352  27443.104002161
2025-02-19T02:30:45.786  1.70000D+01  5. 136.00 132.19  13.63  7.  1.3698D-09  0.0000D+00  0.0000D+00 22.923  790.24 1118.88  8.116  28.622   87.594    161.331  7.526321   0.171    1.001  4.0836D+03  11.007  35.616  2.13D+01  1.32D+01  2.3915  1.0000     0.399 143.688  7.497476D+03    123.063    167.021    156.473     87.350  27443.104696606
2025-02-19T02:31:45.786  1.80000D+01  5. 136.00 132.18  13.63  7.  1.3050D-09  0.0000D+00  0.0000D+00 22.830  801.10 1132.54  8.323  25.574   90.442    161.724  7.525840   0.161    1.001  3.9850D+03  11.007  35.616  2.13D+01  1.32D+01  2.3915  1.0000     0.411 147.794  7.938962D+03    124.482    167.159    157.781     87.348  27443.105391050
2025-02-19T02:32:45.786  1.90000D+01  5. 136.00 132.18  13.64  7.  1.2463D-09  0.0000D+00  0.0000D+00 22.772  812.16 1147.97  8.519  22.464   93.136    162.093  7.525390   0.150    1.001  3.8937D+03  11.007  35.616  2.13D+01  1.32D+01  2.3915  1.0000     0.422 151.898  8.380585D+03    125.925    167.179    159.006     87.347  27443.106085494
2025-02-19T02:33:45.786  2.00000D+01  5. 136.00 132.18  13.64  7.  1.1932D-09  0.0000D+00  0.0000D+00 22.752  823.44 1165.09  8.707  19.301   95.699    162.447  7.524960   0.137    1.001  3.8092D+03  11.007  35.616  2.13D+01  1.32D+01  2.3915  1.0000     0.433 156.001  8.822332D+03    127.353    167.088    160.138     87.346  27443.106779939
2025-02-19T02:34:45.786  2.10000D+01  5. 136.00 132.18  13.64  7.  1.1453D-09  0.0000D+00  0.0000D+00 22.769  834.94 1183.77  8.887  16.097   98.155    162.793  7.524539   0.124    1.001  3.7314D+03  11.007  35.616  2.13D+01  1.32D+01  2.3915  1.0000     0.445 160.102  9.264186D+03    128.721    166.902    161.169     87.345  27443.107474383
2025-02-19T02:35:45.786  2.20000D+01  5. 136.00 132.18  13.65  7.  1.1024D-09  0.0000D+00  0.0000D+00 22.819  846.63 1203.84  9.062  12.859  100.525    163.137  7.524118   0.110    1.001  3.6602D+03  11.007  35.616  2.13D+01  1.32D+01  2.3915  1.0000     0.456 164.202  9.706125D+03    129.979    166.639    162.091     87.344  27443.108168828
2025-02-19T02:36:45.786  2.30000D+01  5. 136.00 132.17  13.65  7.  1.0643D-09  0.0000D+00  0.0000D+00 22.898  858.48 1225.07  9.232   9.595  102.828    163.486  7.523687   0.095    1.001  3.5957D+03  11.007  35.616  2.13D+01  1.32D+01  2.3915  1.0000     0.468 168.301  1.014813D+04    131.075    166.325    162.899     87.343  27443.108863272
2025-02-19T02:37:45.786  2.40000D+01  5. 136.00 132.17  13.66  7.  1.0307D-09  0.0000D+00  0.0000D+00 22.998  870.42 1247.17  9.399   6.313  105.083    163.842  7.523240   0.079    1.001  3.5380D+03  11.007  35.616  2.13D+01  1.32D+01  2.3915  1.0000     0.479 172.399  1.059016D+04    131.954    165.992    163.586     87.342  27443.109557717
2025-02-19T02:38:45.786  2.50000D+01  5. 136.00 132.17  13.66  7.  1.0017D-09  0.0000D+00  0.0000D+00 23.112  882.37 1269.84  9.564   3.019  107.305    164.207  7.522772   0.063    1.001  3.4871D+03  11.007  35.616  2.13D+01  1.32D+01  2.3915  1.0000     0.490 176.496  1.103219D+04    132.561    165.674    164.148     87.341  27443.110252161
2025-02-19T02:39:45.786  2.60000D+01  5. 136.00 132.17  13.67  7.  9.7690D-10  0.0000D+00  0.0000D+00 23.233  894.24 1292.73  9.727  -0.280  109.512    164.581  7.522281   0.047    1.001  3.4430D+03  11.007  35.616  2.13D+01  1.32D+01  2.3915  1.0000     0.502 180.593  1.147420D+04    132.850    165.406    164.581     87.341  27443.110946606
2025-02-19T02:40:45.786  2.70000D+01  5. 136.00 132.17  13.67  7.  9.5633D-10  0.0000D+00  0.0000D+00 23.352  905.91 1315.50  9.891  -3.579  111.721    164.963  7.521768   0.030    1.001  3.4059D+03  11.007  35.616  2.13D+01  1.32D+01  2.3915  1.0000     0.513 184.689  1.191615D+04    132.790    165.212    164.881     87.340  27443.111641050
2025-02-19T02:41:45.786  2.80000D+01  5. 136.00 132.16  13.67  7.  9.3984D-10  0.0000D+00  0.0000D+00 23.466  917.26 1337.78 10.056  -6.870  113.947    165.350  7.521236   0.013    1.001  3.3757D+03  11.007  35.616  2.13D+01  1.32D+01  2.3915  1.0000     0.524 188.785  1.235801D+04    132.370    165.107    165.048     87.338  27443.112335495
2025-02-19T02:42:45.786  2.90000D+01  5. 136.00 132.16  13.68  7.  9.2732D-10  0.0000D+00  0.0000D+00 23.569  928.16 1359.24 10.224 -10.147  116.206    165.735  7.520692  -0.004    1.001  3.3524D+03  11.007  35.616  2.13D+01  1.32D+01  2.3915  1.0000     0.536 192.880  1.279974D+04    131.599    165.087    165.080     87.337  27443.113029939
2025-02-19T02:43:45.786  3.00000D+01  5. 136.00 132.16  13.68  7.  9.1867D-10  0.0000D+00  0.0000D+00 23.659  938.45 1379.56 10.394 -13.404  118.517    166.114  7.520147  -0.021    1.001  3.3360D+03  11.007  35.616  2.13D+01  1.32D+01  2.3915  1.0000     0.547 196.976  1.324133D+04    130.512    165.137    164.979     87.336  27443.113724383
2025-02-19T02:44:45.786  3.10000D+01  5. 136.00 132.16  13.69  7.  9.1380D-10  0.0000D+00  0.0000D+00 23.735  948.01 1398.49 10.570 -16.634  120.898    166.477  7.519613  -0.038    1.001  3.3264D+03  11.007  35.616  2.13D+01  1.32D+01  2.3915  1.0000     0.559 201.072  1.368274D+04    129.157    165.233    164.745     87.334  27443.114418828
2025-02-19T02:45:45.786  3.20000D+01  5. 136.00 132.15  13.69  7.  9.1263D-10  0.0000D+00  0.0000D+00 23.797  956.68 1415.85 10.751 -19.828  123.367    166.814  7.519103  -0.054    1.001  3.3236D+03  11.007  35.616  2.13D+01  1.32D+01  2.3915  1.0000     0.570 205.168  1.412396D+04    127.589    165.345    164.382     87.333  27443.115113272
2025-02-19T02:46:45.786  3.30000D+01  5. 136.00 132.15  13.69  7.  9.1505D-10  0.0000D+00  0.0000D+00 23.847  964.34 1431.51 10.940 -22.977  125.946    167.116  7.518634  -0.070    1.001  3.3274D+03  11.007  35.616  2.13D+01  1.32D+01  2.3915  1.0000     0.581 209.265  1.456496D+04    125.868    165.445    163.893     87.332  27443.115807717
2025-02-19T02:47:45.786  3.40000D+01  5. 136.00 132.15  13.70  7.  9.2094D-10  0.0000D+00  0.0000D+00 23.887  970.86 1445.44 11.137 -26.073  128.658    167.370  7.518222  -0.085    1.001  3.3375D+03  11.007  35.616  2.13D+01  1.32D+01  2.3915  1.0000     0.593 213.363  1.500574D+04    124.050    165.509    163.282     87.330  27443.116502161
2025-02-19T02:48:45.786  3.50000D+01  5. 136.00 132.15  13.70  7.  9.3021D-10  0.0000D+00  0.0000D+00 23.921  976.12 1457.68 11.345 -29.104  131.528    167.564  7.517883  -0.100    1.001  3.3539D+03  11.007  35.616  2.13D+01  1.32D+01  2.3915  1.0000     0.604 217.461  1.544629D+04    122.187    165.517    162.555     87.329  27443.117196606
2025-02-19T02:49:45.786  3.60000D+01  5. 136.00 132.15  13.71  7.  9.4281D-10  0.0000D+00  0.0000D+00 23.950  980.01 1468.34 11.566 -32.056  134.584    167.684  7.517636  -0.113    1.001  3.3761D+03  11.007  35.616  2.13D+01  1.32D+01  2.3915  1.0000     0.615 221.560  1.588661D+04    120.327    165.456    161.716     87.328  27443.117891050
2025-02-19T02:50:45.786  3.70000D+01  5. 136.00 132.14  13.71  7.  9.5872D-10  0.0000D+00  0.0000D+00 23.981  982.44 1477.57 11.800 -34.916  137.856    167.717  7.517497  -0.126    1.001  3.4043D+03  11.007  35.616  2.13D+01  1.32D+01  2.3915  1.0000     0.627 225.661  1.632671D+04    118.514    165.315    160.772     87.327  27443.118585495
2025-02-19T02:51:45.786  3.80000D+01  5. 136.00 132.14  13.72  7.  9.7805D-10  0.0000D+00  0.0000D+00 24.015  983.32 1485.57 12.052 -37.666  141.376    167.650  7.517482  -0.138    1.002  3.4385D+03  11.007  35.616  2.13D+01  1.32D+01  2.3915  1.0000     0.638 229.763  1.676659D+04    116.788    165.089    159.730     87.325  27443.119279939
2025-02-19T02:52:45.786  3.90000D+01  5. 136.00 132.14  13.72  7.  1.0010D-09  0.0000D+00  0.0000D+00 24.057  982.58 1492.56 12.322 -40.285  145.178    167.470  7.517608  -0.149    1.002  3.4788D+03  11.007  35.616  2.13D+01  1.32D+01  2.3915  1.0000     0.650 233.866  1.720628D+04    115.183    164.776    158.598     87.324  27443.119974383
2025-02-19T02:53:45.786  4.00000D+01  5. 136.00 132.14  13.72  7.  1.0281D-09  0.0000D+00  0.0000D+00 24.109  980.12 1498.72 12.613 -42.751  149.295    167.166  7.517890  -0.159    1.002  3.5259D+03  11.007  35.616  2.13D+01  1.32D+01  2.3915  1.0000     0.661 237.970  1.764579D+04    113.733    164.378    157.382     87.323  27443.120668828
2025-02-19T02:54:45.786  4.10000D+01  5. 136.00 132.14  13.73  7.  1.0599D-09  0.0000D+00  0.0000D+00 24.175  975.88 1504.23 12.927 -45.037  153.760    166.727  7.518342  -0.168    1.002  3.5807D+03  11.007  35.616  2.13D+01  1.32D+01  2.3915  1.0000     0.672 242.077  1.808516D+04    112.466    163.900    156.091     87.321  27443.121363272
2025-02-19T02:55:45.786  4.20000D+01  5. 136.00 132.13  13.73  7.  1.0973D-09  0.0000D+00  0.0000D+00 24.257  969.77 1509.19 13.267 -47.113  158.598    166.144  7.518976  -0.176    1.002  3.6443D+03  11.007  35.616  2.13D+01  1.32D+01  2.3915  1.0000     0.684 246.185  1.852442D+04    111.409    163.351    154.733     87.320  27443.122057717
2025-02-19T02:56:45.786  4.30000D+01  5. 136.00 132.13  13.74  7.  1.1417D-09  0.0000D+00  0.0000D+00 24.354  961.72 1513.66 13.632 -48.945  163.823    165.409  7.519803  -0.183    1.002  3.7184D+03  11.007  35.616  2.13D+01  1.32D+01  2.3915  1.0000     0.695 250.294  1.896361D+04    110.580    162.740    153.318     87.318  27443.122752161
2025-02-19T02:57:45.786  4.40000D+01  5. 136.00 132.13  13.74  7.  1.1945D-09  0.0000D+00  0.0000D+00 24.466  951.62 1517.62 14.022 -50.498  169.432    164.517  7.520831  -0.189    1.002  3.8051D+03  11.007  35.616  2.13D+01  1.32D+01  2.3915  1.0000     0.707 254.406  1.940278D+04    109.995    162.080    151.853     87.317  27443.123446606
2025-02-19T02:58:45.786  4.50000D+01  5. 136.00 132.13  13.74  7.  1.2580D-09  0.0000D+00  0.0000D+00 24.592  939.42 1520.97 14.437 -51.739  175.399    163.464  7.522065  -0.193    1.002  3.9068D+03  11.007  35.616  2.13D+01  1.32D+01  2.3915  1.0000     0.718 258.519  1.984197D+04    109.660    161.389    150.346     87.315  27443.124141050
2025-02-19T02:59:45.786  4.60000D+01  5. 136.00 132.13  13.75  7.  1.3349D-09  0.0000D+00  0.0000D+00 24.729  925.05 1523.54 14.871 -52.634 -178.332    162.250  7.523506  -0.197    1.002  4.0266D+03  11.007  35.616  2.13D+01  1.32D+01  2.3915  1.0000     0.730 262.634  2.028122D+04    109.576    160.684    148.808     87.314  27443.124835495
2025-02-19T03:00:45.786  4.70000D+01  5. 136.00 132.12  13.75  7.  1.5733D-09  0.0000D+00  0.0000D+00 25.251  915.05 1578.35 15.320 -53.159 -171.847    160.876  7.525147  -0.200    1.002  4.3743D+03  11.007  35.616  2.13D+01  1.32D+01  2.3915  1.0000     0.741 266.752  2.072061D+04    109.723    159.980    147.244     87.312  27443.125529939
2025-02-19T03:01:45.786  4.80000D+01  5. 136.00 132.12  13.76  7.  1.7000D-09  0.0000D+00  0.0000D+00 25.379  895.64 1577.81 15.776 -53.295 -165.254    159.346  7.526987  -0.201    1.002  4.5505D+03  11.007  35.616  2.13D+01  1.32D+01  2.3915  1.0000     0.752 270.871  2.116016D+04    110.092    159.303    145.665     87.310  27443.126224383
2025-02-19T03:02:45.786  4.90000D+01  5. 136.00 132.12  13.76  7.  1.8552D-09  0.0000D+00  0.0000D+00 25.505  874.02 1575.46 16.232 -53.040 -158.678    157.666  7.529016  -0.202    1.002  4.7575D+03  11.007  35.616  2.13D+01  1.32D+01  2.3915  1.0000     0.764 274.992  2.159994D+04    110.662    158.676    144.077     87.307  27443.126918828
2025-02-19T03:03:45.786  5.00000D+01  5. 136.00 132.12  13.77  7.  2.0460D-09  0.0000D+00  0.0000D+00 25.627  850.29 1571.05 16.678 -52.399 -152.237    155.846  7.531222  -0.201    1.002  5.0005D+03  11.007  35.616  2.13D+01  1.32D+01  2.3915  1.0000     0.775 279.115  2.204001D+04    111.400    158.125    142.489     87.305  27443.127613272
2025-02-19T03:04:45.786  5.10000D+01  5. 136.00 132.12  13.77  7.  2.2814D-09  0.0000D+00  0.0000D+00 25.740  824.59 1564.35 17.108 -51.392 -146.037    153.897  7.533589  -0.200    1.002  5.2853D+03  11.007  35.616  2.13D+01  1.32D+01  2.3915  1.0000     0.787 283.240  2.248040D+04    112.266    157.676    140.905     87.302  27443.128307717
2025-02-19T03:05:45.786  5.20000D+01  5. 136.00 132.11  13.77  7.  2.5726D-09  0.0000D+00  0.0000D+00 25.845  797.12 1555.18 17.516 -50.045 -140.156    151.832  7.536095  -0.198    1.002  5.6182D+03  11.007  35.616  2.13D+01  1.32D+01  2.3915  1.0000     0.798 287.367  2.292116D+04    113.215    157.354    139.335     87.299  27443.129002161
2025-02-19T03:06:45.786  5.30000D+01  5. 136.00 132.11  13.78  7.  2.9337D-09  0.0000D+00  0.0000D+00 24.768  772.74 1394.56 17.901 -48.393 -134.641    149.669  7.538718  -0.195    1.002  6.0057D+03  11.007  35.616  2.13D+01  1.32D+01  2.3915  1.0000     0.810 291.495  2.336234D+04    114.195    157.184    137.783     87.296  27443.129696606
2025-02-19T03:07:45.786  5.40000D+01  5. 136.00 132.11  13.78  7.  3.3760D-09  0.0000D+00  0.0000D+00 24.823  747.47 1382.99 18.259 -46.470 -129.512    147.425  7.541432  -0.192    1.002  6.4496D+03  11.007  35.616  2.13D+01  1.32D+01  2.3915  1.0000     0.821 295.626  2.380397D+04    115.154    157.186    136.255     87.292  27443.130391050
2025-02-19T03:08:45.786  5.50000D+01  5. 136.00 132.11  13.79  7.  3.9071D-09  0.0000D+00  0.0000D+00 24.894  721.41 1368.55 18.592 -44.309 -124.767    145.121  7.544207  -0.188    1.002  6.9460D+03  11.007  35.616  2.13D+01  1.32D+01  2.3915  1.0000     0.833 299.759  2.424608D+04    116.043    157.370    134.756     87.287  27443.131085495
2025-02-19T03:09:45.786  5.60000D+01  5. 136.00 132.10  13.79  7.  4.5330D-09  0.0000D+00  0.0000D+00 24.981  694.19 1351.23 18.901 -41.945 -120.388    142.776  7.547013  -0.183    1.002  7.4901D+03  11.007  35.616  2.13D+01  1.32D+01  2.3915  1.0000     0.844 303.893  2.468869D+04    116.819    157.736    133.291     87.282  27443.131779939
2025-02-19T03:10:45.786  5.70000D+01  5. 136.00 132.10  13.79  7.  5.2591D-09  0.0000D+00  0.0000D+00 25.085  665.52 1331.27 19.187 -39.404 -116.348    140.414  7.549816  -0.178    1.002  8.0766D+03  11.007  35.616  2.13D+01  1.32D+01  2.3915  1.0000     0.856 308.029  2.513184D+04    117.449    158.269    131.865     87.276  27443.132474383
2025-02-19T03:11:45.786  5.80000D+01  5. 136.00 132.10  13.80  7.  6.0933D-09  0.0000D+00  0.0000D+00 25.208  635.27 1309.15 19.452 -36.714 -112.614    138.058  7.552584  -0.172    1.001  8.7032D+03  11.007  35.616  2.13D+01  1.32D+01  2.3915  1.0000     0.867 312.166  2.557551D+04    117.916    158.937    130.480     87.269  27443.133168828
2025-02-19T03:12:45.786  5.90000D+01  5. 136.00 132.10  13.80  7.  7.0535D-09  0.0000D+00  0.0000D+00 25.346  603.48 1285.54 19.700 -33.897 -109.152    135.731  7.555280  -0.167    1.001  9.3739D+03  11.007  35.616  2.13D+01  1.32D+01  2.3915  1.0000     0.879 316.306  2.601972D+04    118.214    159.690    129.139     87.260  27443.133863272
2025-02-19T03:13:45.786  6.00000D+01  5. 136.00 132.10  13.81  7.  8.1763D-09  0.0000D+00  0.0000D+00 25.497  570.37 1261.32 19.931 -30.973 -105.929    133.455  7.557871  -0.160    1.001  1.0103D+04  11.007  35.616  2.13D+01  1.32D+01  2.3915  1.0000     0.890 320.446  2.646446D+04    118.348    160.466    127.846     87.251  27443.134557717
2025-02-19T03:14:45.786  6.10000D+01  5. 136.00 132.09  13.81  7.  9.5270D-09  0.0000D+00  0.0000D+00 25.658  536.34 1237.43 20.149 -27.958 -102.912    131.253  7.560321  -0.154    1.001  1.0916D+04  11.007  35.616  2.13D+01  1.32D+01  2.3915  1.0000     0.902 324.588  2.690971D+04    118.332    161.189    126.601     87.239  27443.135252161
2025-02-19T03:15:45.786  6.20000D+01  5. 136.00 132.09  13.82  7.  1.1206D-08  0.0000D+00  0.0000D+00 25.823  501.93 1214.76 20.355 -24.867 -100.072    129.147  7.562591  -0.148    1.001  1.1849D+04  11.007  35.616  2.13D+01  1.32D+01  2.3915  1.0000     0.913 328.732  2.735545D+04    118.181    161.771    125.406     87.226  27443.135946606
2025-02-19T03:16:45.786  6.30000D+01  5. 136.00 132.09  13.82  7.  1.3347D-08  0.0000D+00  0.0000D+00 25.987  467.76 1194.11 20.551 -21.713  -97.382    127.156  7.564642  -0.141    1.001  1.2943D+04  11.007  35.616  2.13D+01  1.32D+01  2.3915  1.0000     0.925 332.877  2.780165D+04    117.912    162.111    124.262     87.211  27443.136641050
2025-02-19T03:17:45.786  6.40000D+01  5. 136.00 132.09  13.82  7.  1.6110D-08  0.0000D+00  0.0000D+00 26.144  434.50 1176.01 20.739 -18.506  -94.817    125.298  7.566431  -0.135    1.001  1.4229D+04  11.007  35.616  2.13D+01  1.32D+01  2.3915  1.0000     0.936 337.022  2.824828D+04    117.537    162.093    123.169     87.192  27443.137335495
2025-02-19T03:18:45.786  6.50000D+01  5. 136.00 132.09  13.83  7.  1.9647D-08  0.0000D+00  0.0000D+00 26.291  402.81 1160.73 20.920 -15.256  -92.354    123.587  7.567912  -0.129    1.001  1.5723D+04  11.007  35.616  2.13D+01  1.32D+01  2.3915  1.0000     0.948 341.169  2.869528D+04    117.065    161.589    122.124     87.169  27443.138029939
2025-02-19T03:19:45.786  6.60000D+01  5. 136.00 132.08  13.83  7.  2.4299D-08  0.0000D+00  0.0000D+00 26.424  369.85 1027.32 21.095 -11.972  -89.973    122.036  7.569034  -0.123    1.001  1.7494D+04  11.007  35.616  2.13D+01  1.32D+01  2.3915  1.0000     0.959 345.317  2.914260D+04    116.498    160.452    121.128     87.142  27443.138724383
2025-02-19T03:20:45.786  6.70000D+01  5. 136.00 132.08  13.84  7.  3.0332D-08  0.0000D+00  0.0000D+00 26.541  336.66 1027.32 21.266  -8.663  -87.655    120.654  7.569736  -0.118    1.001  1.9550D+04  11.007  35.616  2.13D+01  1.32D+01  2.3915  1.0000     0.971 349.465  2.959018D+04    115.822    158.505    120.175     87.107  27443.139418828
2025-02-19T03:21:45.786  6.80000D+01  5. 136.00 132.08  13.84  7.  3.7456D-08  0.0000D+00  0.0000D+00 26.642  308.12 1027.32 21.435  -5.336  -85.380    119.443  7.569964  -0.113    1.001  2.1727D+04  11.007  35.616  2.13D+01  1.32D+01  2.3915  1.0000     0.982 353.614  3.003795D+04    115.011    155.593    119.260     87.064  27443.140113272
2025-02-19T03:22:45.786  6.90000D+01  5. 136.00 132.08  13.84  7.  4.5110D-08  0.0000D+00  0.0000D+00 26.725  286.02 1027.32 21.601  -1.997  -83.132    118.402  7.569686  -0.110    1.001  2.3842D+04  11.007  35.616  2.13D+01  1.32D+01  2.3915  1.0000     0.994 357.764  3.048585D+04    114.013    151.648    118.377     87.012  27443.140807717
2025-02-19T03:23:45.786  7.00000D+01  5. 136.00 132.08  13.85  7.  5.2587D-08  0.0000D+00  0.0000D+00 26.789  270.17 1027.32 21.767   1.345  -80.894    117.527  7.568901  -0.108    1.001  2.5734D+04  11.007  35.616  2.13D+01  1.32D+01  2.3915  1.0000     1.005   1.913  3.093380D+04    112.732    146.734    117.515     86.949  27443.141502161
2025-02-19T03:24:45.786  7.10000D+01  5. 136.00 132.07  13.85  7.  5.9168D-08  0.0000D+00  0.0000D+00 26.835  259.68 1027.32 21.933   4.685  -78.649    116.804  7.567644  -0.107    1.001  2.7283D+04  11.007  35.616  2.13D+01  1.32D+01  2.3915  1.0000     1.017   6.063  3.138173D+04    110.993    141.098    116.663     86.878  27443.142196606
2025-02-19T03:25:45.786  7.20000D+01  5. 136.00 132.07  13.86  7.  6.4317D-08  0.0000D+00  0.0000D+00 26.867  253.48 1027.32 22.101   8.015  -76.380    116.218  7.565982  -0.109    1.001  2.8427D+04  11.007  35.616  2.13D+01  1.32D+01  2.3915  1.0000     1.028  10.213  3.182958D+04    108.487    135.212    115.808     86.799  27443.142891050
2025-02-19T03:26:45.786  7.30000D+01  5. 136.00 132.07  13.86  7.  6.7807D-08  0.0000D+00  0.0000D+00 26.889  250.61 1027.32 22.272  11.329  -74.070    115.748  7.564003  -0.112    1.001  2.9165D+04  11.007  35.616  2.13D+01  1.32D+01  2.3915  1.0000     1.040  14.362  3.227727D+04    104.753    129.754    114.933     86.715  27443.143585495
2025-02-19T03:27:45.786  7.40000D+01  5. 136.00 132.07  13.87  7.  6.9745D-08  0.0000D+00  0.0000D+00 26.907  250.21 1027.32 22.447  14.619  -71.702    115.369  7.561802  -0.118    1.001  2.9553D+04  11.007  35.616  2.13D+01  1.32D+01  2.3915  1.0000     1.051  18.512  3.272477D+04     99.396    125.352    114.024     86.627  27443.144279939
2025-02-19T03:28:45.786  7.50000D+01  5. 136.00 132.07  13.87  7.  7.0494D-08  0.0000D+00  0.0000D+00 26.929  251.52 1027.32 22.626  17.877  -69.255    115.054  7.559469  -0.125    1.001  2.9684D+04  11.007  35.616  2.13D+01  1.32D+01  2.3915  1.0000     1.063  22.661  3.317203D+04     92.469    122.160    113.063     86.538  27443.144974384
2025-02-19T03:29:45.786  7.60000D+01  5. 136.00 132.06  13.87  7.  7.0555D-08  0.0000D+00  0.0000D+00 26.960  253.87 1027.32 22.813  21.095  -66.710    114.773  7.557081  -0.135    1.001  2.9668D+04  11.007  35.616  2.13D+01  1.32D+01  2.3915  1.0000     1.074  26.810  3.361901D+04     84.420    119.884    112.035     86.449  27443.145668828
2025-02-19T03:30:45.786  7.70000D+01  5. 136.00 132.06  13.88  7.  7.0473D-08  0.0000D+00  0.0000D+00 27.007  256.61 1027.32 23.007  24.263  -64.042    114.495  7.554696  -0.146    1.001  2.9623D+04  11.007  35.616  2.13D+01  1.32D+01  2.3915  1.0000     1.086  30.959  3.406570D+04     75.700    118.164    110.923     86.360  27443.146363272
2025-02-19T03:31:45.786  7.80000D+01  5. 136.00 132.06  13.88  7.  7.0777D-08  0.0000D+00  0.0000D+00 27.075  259.15 1027.32 23.211  27.371  -61.229    114.186  7.552353  -0.160    1.001  2.9659D+04  11.007  35.616  2.13D+01  1.32D+01  2.3915  1.0000     1.098  35.108  3.451207D+04     66.579    116.750    109.713     86.272  27443.147057717
2025-02-19T03:32:45.786  7.90000D+01  5. 136.00 132.06  13.89  7.  7.1996D-08  0.0000D+00  0.0000D+00 27.167  260.87 1027.32 23.427  30.406  -58.242    113.813  7.550071  -0.175    1.001  2.9886D+04  11.007  35.616  2.13D+01  1.32D+01  2.3915  1.0000     1.109  39.258  3.495813D+04     57.166    115.491    108.389     86.184  27443.147752161
2025-02-19T03:33:45.786  8.00000D+01  5. 136.00 132.05  13.89  7.  7.4709D-08  0.0000D+00  0.0000D+00 27.283  261.15 1027.32 23.657  33.354  -55.052    113.342  7.547847  -0.192    1.001  3.0417D+04  11.007  35.616  2.13D+01  1.32D+01  2.3915  1.0000     1.121  43.408  3.540387D+04     47.442    114.291    106.937     86.093  27443.148446606
2025-02-19T03:34:45.786  8.10000D+01  5. 136.00 132.05  13.89  7.  7.9669D-08  0.0000D+00  0.0000D+00 27.423  259.38 1027.32 23.902  36.198  -51.627    112.738  7.545654  -0.211    1.002  3.1383D+04  11.007  35.616  2.13D+01  1.32D+01  2.3915  1.0000     1.132  47.558  3.584930D+04     37.276    113.086    105.343     85.998  27443.149141050
2025-02-19T03:35:45.786  8.20000D+01  5. 136.00 132.05  13.90  7.  8.8016D-08  0.0000D+00  0.0000D+00 27.584  254.96 1027.32  0.165  38.921  -47.933    111.966  7.543431  -0.232    1.002  3.2958D+04  11.007  35.616  2.13D+01  1.32D+01  2.3915  1.0000     1.144  51.709  3.629443D+04     26.411    111.824    103.593     85.895  27443.149835495
2025-02-19T03:36:45.786  8.30000D+01  5. 136.00 132.05  13.90  7.  1.0168D-07  0.0000D+00  0.0000D+00 27.764  247.40 1027.32  0.448  41.498  -43.935    110.988  7.541061  -0.255    1.002  3.5390D+04  11.007  35.616  2.13D+01  1.32D+01  2.3915  1.0000     1.155  55.861  3.673927D+04     14.410    110.453    101.668     85.779  27443.150529939
2025-02-19T03:37:45.786  8.40000D+01  5. 136.00 132.05  13.91  7.  1.2421D-07  0.0000D+00  0.0000D+00 27.961  236.48 1027.32  0.753  43.905  -39.599    109.765  7.538333  -0.281    1.002  3.9073D+04  11.007  35.616  2.13D+01  1.32D+01  2.3915  1.0000     1.167  60.013  3.718384D+04      0.523    108.913     99.552     85.642  27443.151224384
2025-02-19T03:38:45.786  8.50000D+01  5. 136.00 132.04  13.91  7.  1.6263D-07  0.0000D+00  0.0000D+00 28.173  222.43 1027.32  1.084  46.112  -34.895    108.256  7.534846  -0.311    1.002  4.4647D+04  11.007  35.616  2.13D+01  1.32D+01  2.3915  1.0000     1.178  64.166  3.762813D+04    -16.584    107.123     97.219     85.469  27443.151918828
2025-02-19T03:39:45.786  8.60000D+01  5. 136.00 132.04  13.92  7.  2.3147D-07  0.0000D+00  0.0000D+00 28.402  206.51 1027.32  1.440  48.086  -29.804    106.410  7.529828  -0.345    1.002  5.3159D+04  11.007  35.616  2.13D+01  1.32D+01  2.3915  1.0000     1.190  68.318  3.807212D+04    -39.428    104.966     94.638     85.233  27443.152613272
2025-02-19T03:40:45.786  8.70000D+01  5. 136.00 132.04  13.92  7.  3.6301D-07  0.0000D+00  0.0000D+00 28.651  191.01 1027.32  1.822  49.793  -24.321    104.164  7.521694  -0.387    1.002  6.6355D+04  11.007  35.616  2.13D+01  1.32D+01  2.3915  1.0000     1.201  72.470  3.851572D+04    -73.068    102.281     91.760     84.883  27443.153307717
2025-02-19T03:41:45.786  8.80000D+01  5. 136.00 132.04  13.92  7.  6.3269D-07  0.0000D+00  0.0000D+00 28.920  179.19 1027.32  2.229  51.194  -18.466    101.425  7.507018  -0.443    1.003  8.7089D+04  11.007  35.616  2.13D+01  1.32D+01  2.3915  1.0000     1.213  76.618  3.895872D+04   -128.293     98.869     88.506     84.309  27443.154002161
2025-02-19T03:42:45.786  8.90000D+01  5. 136.00 132.04  13.93  7.  1.2144D-06  0.0000D+00  0.0000D+00 29.206  176.26 1027.32  2.657  52.257  -12.292     98.043  7.478116  -0.523    1.005  1.1927D+05  11.007  35.616  2.13D+01  1.32D+01  2.3915  1.0000     1.224  80.759  3.940059D+04   -228.683     94.581     84.738     83.873  27443.154696606
2025-02-19T03:43:45.786  9.00000D+01  5. 136.00 132.03  13.93  7.  2.5331D-06  0.0000D+00  0.0000D+00 29.503  186.41 1027.32  3.101  52.953   -5.891     93.748  7.417719  -0.654    1.013  1.6811D+05  11.007  35.616  2.13D+01  1.32D+01  2.3915  1.0000     1.236  84.880  3.984013D+04   -424.277     89.423     80.191     83.873  27443.155391050
2025-02-19T03:44:45.786  9.10000D+01  5. 136.00 132.03  13.94  7.  6.1279D-06  0.0000D+00  0.0000D+00 29.817  205.16 1027.32  3.549  53.266    0.589     88.005  7.281505  -0.892    1.066  2.4734D+05  11.007  35.616  2.13D+01  1.32D+01  2.3915  1.0000     1.247  88.954  4.027451D+04   -828.627     83.271     74.336     83.873  27443.156085495
2025-02-19T03:45:45.786  9.20000D+01  5. 136.00 132.03  13.94  7.  1.4223D-05  0.0000D+00  0.0000D+00 29.187  215.18 1037.18  3.987  53.203    6.906     79.698  6.898325  -1.408    1.259  3.2040D+05  11.007  35.616  2.13D+01  1.32D+01  2.3915  1.0000     1.258  92.904  4.069548D+04  -1787.552     74.973     66.051     83.873  27443.156779939
2025-02-19T03:46:33.584  9.27966D+01  5. 136.00 132.03  13.94  7.  4.9270D-05  0.0000D+00  0.0000D+00 28.940  224.06 1037.18  4.255  52.985   10.732     71.743  6.391735  -2.101    2.506  4.7437D+05  11.007  35.616  2.13D+01  1.32D+01  2.3915  1.0000     1.265  95.331  4.095246D+04  -2779.180     68.273     58.175     83.873  27443.157333154
2025-02-19T03:47:33.584  9.37966D+01  5. 136.00 132.03  13.95  7.  5.4658D-04  0.0000D+00  0.0000D+00 28.943  250.79 1037.18  4.574  52.550   15.259     54.094  3.474421  -5.535    7.578  2.5377D+05  11.007  35.616  2.13D+01  1.32D+01  2.3915  1.0000     1.272  98.018  4.126126D+04  -5565.210     48.178     40.683     36.121  27443.158027599
2025-02-19T03:48:33.584  9.47966D+01  5. 136.00 132.02  13.95  7.  6.9121D-03  0.0000D+00  0.0000D+00 28.943  237.01 1037.18  4.687  52.367   16.703     35.235  0.559027 -28.638    2.181  3.7590D+03  11.007  35.616  2.13D+01  1.32D+01  2.3915  1.0000     1.268  96.344  4.136145D+04  -6347.522     25.616     21.890     30.267  27443.158722043
2025-02-19T03:49:33.584  9.57966D+01  5. 136.00 132.02  13.96  7.  4.8469D-02  0.0000D+00  0.0000D+00 28.943  210.31 1037.18  4.711  52.350   16.822     23.331  0.147719 -83.030    0.245  1.8366D+02  11.007  35.616  2.13D+01  1.32D+01  2.3915  1.0000     1.252  90.671  4.136998D+04  -6373.493     11.095      9.993     29.982  27443.159416488
2025-02-19T03:50:33.584  9.67966D+01  5. 136.00 132.02  13.96  7.  1.3655D-01  0.0000D+00  0.0000D+00 28.943  212.15 1037.18  4.728  52.351   16.824     16.862  0.082471 -89.795    0.057  5.3642D+01  11.007  35.616  2.13D+01  1.32D+01  2.3915  1.0000     1.250  90.043  4.137018D+04  -6374.028      3.871      3.523     29.928  27443.160110932
2025-02-19T03:51:33.584  9.77966D+01  5. 136.00 132.02  13.96  7.  2.6353D-01  0.0000D+00  0.0000D+00 28.943  213.21 1037.18  4.745  52.352   16.822     12.713  0.058580 -89.812    0.028  2.6708D+01  11.007  35.616  2.13D+01  1.32D+01  2.3915  1.0000     1.250  90.030  4.137019D+04  -6374.040     -0.451     -0.627     29.897  27443.160805377
2025-02-19T03:52:33.584  9.87966D+01  5. 136.00 132.02  13.97  7.  4.2227D-01  0.0000D+00  0.0000D+00 28.943  217.58 1037.18  4.761  52.353   16.820      9.614  0.046004 -89.813    0.014  1.6374D+01  11.007  35.616  2.13D+01  1.32D+01  2.3915  1.0000     1.250  90.023  4.137019D+04  -6374.049     -3.618     -3.726     29.875  27443.161499821
2025-02-19T03:52:33.584  9.87966D+01  5. 136.00 132.02  13.97  7.  4.2227D-01  0.0000D+00  0.0000D+00 28.943  217.58 1037.18  4.761  52.353   16.820      9.614  0.046004 -89.813    0.014  1.6374D+01  11.007  35.616  2.13D+01  1.32D+01  2.3915  1.0000     1.250  90.023  4.137019D+04  -6374.049     -3.618     -3.726     29.875  27443.161499821
