1 62878U 25022Y   25034.44931943  .00466105  10144-3  10263-2 0  9992
2 62878  53.1748 200.5158 0011899 247.8091 157.6502 15.97405964   221
1 62878U 25022Y   25036.12933657  .00502768  11994-3  99457-3 0  9996
2 62878  53.1558 191.8433 0009557 276.3208  83.6734 15.99354685   492
1 62878U 25022Y   25036.12933657  .00502768  11994-3  99457-3 0  9996
2 62878  53.1558 191.8433 0009557 276.3208  83.6734 15.99354685   492
1 62878U 25022Y   25036.81655209  .00534511  13622-3  10143-2 0  9991
2 62878  53.1554 188.3022 0009757 281.0539  78.9394 16.00074580   603
1 62878U 25022Y   25036.81655209  .00534511  13622-3  10143-2 0  9991
2 62878  53.1554 188.3022 0009757 281.0539  78.9394 16.00074580   603
1 62878U 25022Y   25037.62830440  .00562220  15223-3  10123-2 0  9998
2 62878  53.1550 184.1150 0009905 286.3862  73.6080 16.00978448   731
1 62878U 25022Y   25037.69072738  .00570098  15662-3  10220-2 0  9990
2 62878  53.1551 183.7928 0009932 286.8226  73.1716 16.01052827   746
1 62878U 25022Y   25038.57740563  .00613671  18415-3  10339-2 0  9991
2 62878  53.1567 179.2090 0009276 287.9676 147.4064 16.02125019   886
1 62878U 25022Y   25038.57740563  .00656053  21078-3  11054-2 0  9996
2 62878  53.1556 179.2084 0009707 290.4115 144.9484 16.02116005   886
1 62878U 25022Y   25038.70727172  .00620819  18894-3  10360-2 0  9994
2 62878  53.1567 178.5372 0009252 288.2934 176.5828 16.02287631   909
1 62878U 25022Y   25039.57633291  .00627426  19599-3  98436-3 0  9993
2 62878  53.1572 174.0465 0009554 292.3357 149.9841 16.03317860  1043
1 62878U 25022Y   25040.57781738  .00690342  24333-3  99687-3 0  9993
2 62878  53.1548 168.8458 0010655 305.6396 163.0387 16.04667104  1204
1 62878U 25022Y   25041.08692337  .00748493  29170-3  10318-2 0  9994
2 62878  53.1582 166.2041 0010380 305.6410 226.5079 16.05435159  1289
1 62878U 25022Y   25041.82652589  .00852275  39355-3  10860-2 0  9993
2 62878  53.1561 162.3575 0010120 308.2863 182.7545 16.06721107  1405
1 62878U 25022Y   25043.44097057  .00967056  54806-3  10288-2 0  9992
2 62878  53.1566 153.9403 0009556 314.3450 168.5095 16.09579206  1661
1 62878U 25022Y   25043.68654179  .00992373  58637-3  10233-2 0  9998
2 62878  53.1558 152.6572 0009781 318.1254 148.7285 16.10057603  1709
1 62878U 25022Y   25045.73856873  .01361929  13856-2  10259-2 0  9990
2 62878  53.1567 141.8818 0010618 329.4768 174.5891 16.14821156  2031
1 62878U 25022Y   25046.47122328  .01608181  22882-2  10460-2 0  9990
2 62878  53.1495 138.0191 0010867 333.4926 115.1844 16.17074325  2153
1 62878U 25022Y   25046.72625027  .01693793  11767-4  98672-3 0  9999
2 62878  53.1508 136.6732 0010734 335.4007 159.2238 16.17963054  2194
1 62878U 25022Y   25047.46257594  .02022723  11848-4  94482-3 0  9996
2 62878  53.1485 132.7692 0010717 337.1567 132.6024 16.20818187  2313
1 62878U 25022Y   25047.59148773  .02062982  11863-4  92267-3 0  9995
2 62878  53.1493 132.0857 0010370 337.8137 164.7368 16.21373556  2339
1 62878U 25022Y   25048.32612924  .03029767  11972-4  99398-3 0  9999
2 62878  53.1445 128.1663 0008943 336.4494 141.5913 16.25143973  2455
1 62878U 25022Y   25049.23331065  .04176471  12155-4  74016-3 0  9994
2 62878  53.1384 123.3043 0006371 321.2421  77.7533 16.31878721  2609
1 62878U 25022Y   25049.60944407  .06488878  12340-4  69223-3 0  9994
2 62878  53.1450 121.2531 0007020 328.3831 124.9056 16.36675318  2660
1 62878U 25022Y   25050.09289105  .10554311  13066-4  11008-3 0  9991
2 62878  53.1436 118.6486 0031063   5.7660  67.2814 16.47531719  2741
